0	0	0	52.4383412364685	1000
0	0	1	52.56139277298401	1000
0	0	2	52.67309692039856	1000
0	0	3	52.31546905732731	1000
0	0	4	52.42435463682245	1000
0	0	5	52.20509487516434	1000
0	0	6	53.01970582016951	1000
0	0	7	53.57899398483971	1000
0	0	8	53.48158838447147	1000
0	0	9	54.20670937726818	1000
0	0	10	52.60354621437077	1000
0	0	11	53.12702452939227	1000
0	0	12	53.23658049728717	1000
0	0	13	53.28108283754688	1000
0	0	14	52.68446368520651	1000
0	0	15	53.09282020028201	1000
0	0	16	54.41408597737991	1000
0	0	17	53.55979766510555	1000
0	0	18	52.51725286192239	1000
0	0	19	53.83509137357849	1000
0	0	20	53.0573836005636	1000
0	0	21	53.7430175038705	1000
0	0	22	54.07081431149439	1000
0	0	23	53.38230531537358	1000
0	0	24	53.16687066871243	1000
0	0	25	53.97894763735832	1000
0	0	26	53.24286178737019	1000
0	0	27	54.87069567176329	1000
0	0	28	53.4344804823611	1000
0	0	29	55.16355920963507	1000
0	0	30	52.83958810178925	1000
0	0	31	54.21604403590341	1000
0	0	32	54.18127167480939	1000
0	0	33	53.59829246231962	1000
0	0	34	53.93019710889315	1000
0	0	35	53.66352313847393	1000
0	0	36	53.52571553609109	1000
0	0	37	54.53474793826576	1000
0	0	38	54.15633710220695	1000
0	0	39	53.9173680307966	1000
0	0	40	52.92275057558826	1000
0	0	41	54.04514730525752	1000
0	0	42	53.35145140403178	1000
0	0	43	54.89486017547633	1000
0	0	44	53.46908701503592	1000
0	0	45	52.68557299710047	1000
0	0	46	54.28296085049833	1000
0	0	47	54.65763120544962	1000
0	0	48	53.62456657441193	1000
0	0	49	53.28440367288675	1000
0	0	50	55.18124453222622	1000
0	0	51	54.96205135229646	1000
0	0	52	53.59695901330731	1000
0	0	53	54.55120835390451	1000
0	0	54	54.01401392438613	1000
0	0	55	54.02951182421723	1000
0	0	56	54.72243158676797	1000
0	0	57	54.02637208336597	1000
0	0	58	54.65901948926162	1000
0	0	59	54.95988237697945	1000
0	0	60	53.78566085660242	1000
0	0	61	54.46820962483353	1000
0	0	62	55.20326327131608	1000
0	0	63	54.97379838068915	1000
0	0	64	55.73975102856683	1000
0	0	65	55.38501350675678	1000
0	0	66	52.91511421854662	1000
0	0	67	56.04907900969892	1000
0	0	68	55.07769064199837	1000
0	0	69	55.63926124095616	1000
0	0	70	55.32171130802021	1000
0	0	71	55.44360849421727	1000
0	0	72	56.62068016355175	1000
0	0	73	54.79942274458013	1000
0	0	74	56.40482826630476	1000
0	0	75	56.17850393947447	1000
0	0	76	55.34094726827673	1000
0	0	77	54.71125300747411	1000
0	0	78	55.90843129399745	1000
0	0	79	56.01742283142122	1000
0	0	80	54.74409678658009	1000
0	0	81	55.9439855113252	1000
0	0	82	55.1729499887518	1000
0	0	83	54.50365898335272	1000
0	0	84	54.39140643883355	1000
0	0	85	54.98197289621013	1000
0	0	86	55.8329237347389	1000
0	0	87	55.68780892869251	1000
0	0	88	55.31050349224834	1000
0	0	89	56.87122643712208	1000
0	0	90	56.11184330076124	1000
0	0	91	55.34478028588848	1000
0	0	92	53.87806250640595	1000
0	0	93	56.28658845182873	1000
0	0	94	56.75692577911398	1000
0	0	95	56.4285402804342	1000
0	0	96	55.40026047923833	1000
0	0	97	56.14411414917738	1000
0	0	98	55.93512937068589	1000
0	0	99	56.01446890094122	1000
0	0	100	54.76989461819035	1000
0	0	101	54.92311992904803	1000
0	0	102	56.43027879451507	1000
0	0	103	56.29729644031845	1000
0	0	104	56.16234959207588	1000
0	0	105	55.97402151052061	1000
0	0	106	57.07959606369958	1000
0	0	107	56.77798585698685	1000
0	0	108	56.35398553057971	1000
0	0	109	56.96288090962292	1000
0	0	110	56.24264244597492	1000
0	0	111	56.97617799278164	1000
0	0	112	56.45146205391448	1000
0	0	113	57.02994203055938	1000
0	0	114	55.93059359890934	1000
0	0	115	58.24269857785856	1000
0	0	116	57.32043512829973	1000
0	0	117	56.06155706176073	1000
0	0	118	56.2225975870947	1000
0	0	119	55.64889012089052	1000
0	0	120	57.01805441698052	1000
0	0	121	56.07296319246248	1000
0	0	122	56.7688600074725	1000
0	0	123	56.20040148956281	1000
0	0	124	57.17939879125147	1000
0	0	125	56.14685653106899	1000
0	0	126	56.39931075701586	1000
0	0	127	56.22482094885342	1000
0	0	128	55.66631609077485	1000
0	0	129	55.98677220160395	1000
0	0	130	56.25977519485835	1000
0	0	131	57.13960594965668	1000
0	0	132	57.53327932121305	1000
0	0	133	57.4635270524128	1000
0	0	134	56.77457209555927	1000
0	0	135	57.59948608976922	1000
0	0	136	58.25946463937461	1000
0	0	137	57.40891547766745	1000
0	0	138	56.33332529702277	1000
0	0	139	55.8314039616205	1000
0	0	140	56.85457948799714	1000
0	0	141	56.41440413468294	1000
0	0	142	56.75886675959638	1000
0	0	143	57.26861558191226	1000
0	0	144	57.4436624162202	1000
0	0	145	57.80108030786091	1000
0	0	146	56.92885676337394	1000
0	0	147	58.99088461197875	1000
0	0	148	58.18283092605916	1000
0	0	149	58.34614042941448	1000
0	0	150	57.16433589555499	1000
0	0	151	58.64892295868462	1000
0	0	152	57.99238605306643	1000
0	0	153	58.8442242566606	1000
0	0	154	56.90718597708877	1000
0	0	155	58.66657035315884	1000
0	0	156	58.08399110572536	1000
0	0	157	58.43771390300104	1000
0	0	158	57.40650027148106	1000
0	0	159	57.92101433225221	1000
0	0	160	57.51016913495215	1000
0	0	161	57.94943697818967	1000
0	0	162	59.53074841441097	1000
0	0	163	57.83896534659471	1000
0	0	164	59.12338555233679	1000
0	0	165	58.88962927472993	1000
0	0	166	59.08539188378913	1000
0	0	167	58.43068670593706	1000
0	0	168	57.88129565378216	1000
0	0	169	60.51799617287188	1000
0	0	170	59.22886941973191	1000
0	0	171	58.68576087519007	1000
0	0	172	58.10003503282131	1000
0	0	173	59.36244410043486	1000
0	0	174	58.93715966693491	1000
0	0	175	59.11544831328811	1000
0	0	176	59.70944121472407	1000
0	0	177	59.23405386248386	1000
0	0	178	59.11611298312487	1000
0	0	179	59.71408646130547	1000
0	0	180	59.92908712533313	1000
0	0	181	59.07677157687044	1000
0	0	182	59.09774274506382	1000
0	0	183	58.95162456487917	1000
0	0	184	59.45598941681136	1000
0	0	185	58.85001733136934	1000
0	0	186	59.12574922707276	1000
0	0	187	60.83834096654952	1000
0	0	188	60.04331695672468	1000
0	0	189	58.90153483708271	1000
0	0	190	60.31548649034684	1000
0	0	191	59.77921186739103	1000
0	0	192	59.80008819265606	1000
0	0	193	59.58316274692843	1000
0	0	194	59.65008514190146	1000
0	0	195	59.1673578552213	1000
0	0	196	59.67789160476502	1000
0	0	197	59.90043516887655	1000
0	0	198	59.87698816813557	1000
0	0	199	60.62041913002094	1000
0	0	200	61.51571948798826	1000
0	0	201	60.32895378897719	1000
0	0	202	59.82761634614983	1000
0	0	203	59.8120750350804	1000
0	0	204	60.46806006900125	1000
0	0	205	60.56114998251628	1000
0	0	206	59.58203517864705	1000
0	0	207	61.76114318163881	1000
0	0	208	59.96735589034321	1000
0	0	209	60.30010418763332	1000
0	0	210	60.03292116076445	1000
0	0	211	59.73817485290895	1000
0	0	212	61.03447963934672	1000
0	0	213	60.49511370332917	1000
0	0	214	60.88133525791629	1000
0	0	215	62.18207018525364	1000
0	0	216	61.76423611760838	1000
0	0	217	59.66755037233493	1000
0	0	218	60.0152833355177	1000
0	0	219	59.76704742043661	1000
0	0	220	63.16442274865042	1000
0	0	221	60.71852549733545	1000
0	0	222	60.42103157643465	1000
0	0	223	61.94511613278313	1000
0	0	224	59.72578426938157	1000
0	0	225	62.00929180139873	1000
0	0	226	60.48328305630831	1000
0	0	227	61.71044462416958	1000
0	0	228	63.76110902855425	1000
0	0	229	62.16688009843099	1000
0	0	230	62.85057740838446	1000
0	0	231	61.30161888020462	1000
0	0	232	61.96705778583708	1000
0	0	233	64.19162500655693	1000
0	0	234	60.88579282070393	1000
0	0	235	62.13248757232589	1000
0	0	236	62.65539136221167	1000
0	0	237	62.95437258851173	1000
0	0	238	62.48610259561686	1000
0	0	239	62.77336427631613	1000
0	0	240	60.96435074599317	1000
0	0	241	61.89693253329775	1000
0	0	242	61.73597109173933	1000
0	0	243	62.66209494326038	1000
0	0	244	61.80829299003626	1000
0	0	245	62.06200122147183	1000
0	0	246	62.55238798708508	1000
0	0	247	63.29233845653049	1000
0	0	248	62.88515548963368	1000
0	0	249	62.37232927710838	1000
0	0	250	62.6894047439533	1000
0	0	251	62.55310602717346	1000
0	0	252	62.00613524050151	1000
0	0	253	62.74438462627133	1000
0	0	254	64.05506364693575	1000
0	0	255	64.25606851324781	1000
0	0	256	63.23828720347813	1000
0	0	257	63.39911612085614	1000
0	0	258	62.39635639613046	1000
0	0	259	62.30929267624028	1000
0	0	260	63.44856803971118	1000
0	0	261	63.28633600245668	1000
0	0	262	63.4870151531916	1000
0	0	263	62.92561278597169	1000
0	0	264	64.80439358239603	1000
0	0	265	63.77863479802837	1000
0	0	266	62.99139717147379	1000
0	0	267	63.02883301178347	1000
0	0	268	64.47111892976848	1000
0	0	269	62.85372744272488	1000
0	0	270	62.87431168947689	1000
0	0	271	63.20843057868044	1000
0	0	272	64.07986065210932	1000
0	0	273	64.10946036311685	1000
0	0	274	64.13622394533361	1000
0	0	275	62.63091352431216	1000
0	0	276	64.13534329183737	1000
0	0	277	64.36737383246276	1000
0	0	278	63.36793566405053	1000
0	0	279	62.7160797045279	1000
0	0	280	64.85188867868412	1000
0	0	281	65.25310094552081	1000
0	0	282	64.19319461633786	1000
0	0	283	66.2242291381106	1000
0	0	284	64.89591310837265	1000
0	0	285	64.12501310343922	1000
0	0	286	63.71925032736382	1000
0	0	287	64.8632395363212	1000
0	0	288	64.55876975737635	1000
0	0	289	65.20468622071864	1000
0	0	290	63.8105422582956	1000
0	0	291	65.51164681923058	1000
0	0	292	64.47602938555266	1000
0	0	293	63.7804824059477	1000
0	0	294	65.04629015436082	1000
0	0	295	66.04114288441916	1000
0	0	296	64.2806862988558	1000
0	0	297	64.71768320278674	1000
0	0	298	64.68523632938673	1000
0	0	299	64.08581955679223	1000
0	0	300	65.66344674876233	1000
0	0	301	66.85311526618455	1000
0	0	302	65.03434046180082	1000
0	0	303	65.07678540612038	1000
0	0	304	64.89857893492746	1000
0	0	305	65.37145666185293	1000
0	0	306	65.29194191117782	1000
0	0	307	65.15008027656349	1000
0	0	308	66.01432556572944	1000
0	0	309	64.64042747815429	1000
0	0	310	65.49178355036649	1000
0	0	311	67.58101050322074	1000
0	0	312	66.25611485553566	1000
0	0	313	65.79188837860237	1000
0	0	314	66.43636603041161	1000
0	0	315	66.3188434875639	1000
0	0	316	67.26534441257112	1000
0	0	317	66.15478581080809	1000
0	0	318	67.16026643554588	1000
0	0	319	66.65540774441702	1000
0	0	320	66.90023318242237	1000
0	0	321	67.66005835317732	1000
0	0	322	66.51197132332611	1000
0	0	323	67.28170139754737	1000
0	0	324	68.03809206956984	1000
0	0	325	67.77417854677009	1000
0	0	326	66.14239582473643	1000
0	0	327	66.80236873359658	1000
0	0	328	67.59985014386784	1000
0	0	329	67.36615215611204	1000
0	0	330	66.2125555462631	1000
0	0	331	66.82004164095999	1000
0	0	332	66.94140473049995	1000
0	0	333	66.64607648108942	1000
0	0	334	68.56513517832221	1000
0	0	335	68.18524665565127	1000
0	0	336	68.57782358954451	1000
0	0	337	66.78413742112619	1000
0	0	338	67.92821064054172	1000
0	0	339	68.74044614484342	1000
0	0	340	69.30583317659487	1000
0	0	341	67.60573540615445	1000
0	0	342	68.28517507551703	1000
0	0	343	67.38738500631015	1000
0	0	344	68.83337035872736	1000
0	0	345	70.64129263876671	1000
0	0	346	67.03168080937498	1000
0	0	347	68.48224595722519	1000
0	0	348	68.88546393774064	1000
0	0	349	67.71215126403101	1000
0	0	350	69.01415272407442	1000
0	0	351	68.52456376153263	1000
0	0	352	69.06928125930951	1000
0	0	353	68.37795119610902	1000
0	0	354	69.11046462292292	1000
0	0	355	69.17796775390754	1000
0	0	356	69.68585953430437	1000
0	0	357	69.3073636422976	1000
0	0	358	69.4379356592477	1000
0	0	359	68.47119835202108	1000
0	0	360	69.34510942114684	1000
0	0	361	69.19194567689095	1000
0	0	362	70.71478523184594	1000
0	0	363	70.25911120855088	1000
0	0	364	71.32925333349392	1000
0	0	365	69.64351604687377	1000
0	0	366	69.53362247846543	1000
0	0	367	70.57720808546138	1000
0	0	368	68.93173073138539	1000
0	0	369	69.79623783838721	1000
0	0	370	70.38485653046293	1000
0	0	371	70.65223969429594	1000
0	0	372	69.16310805916201	1000
0	0	373	69.64282575212343	1000
0	0	374	70.88419499859582	1000
0	0	375	70.77640713251196	1000
0	0	376	71.06279336778407	1000
0	0	377	72.22892753389847	1000
0	0	378	70.52914481634055	1000
0	0	379	71.75654532901902	1000
0	0	380	70.74061263096162	1000
0	0	381	70.50596789289054	1000
0	0	382	70.4263726117215	1000
0	0	383	71.34052770094148	1000
0	0	384	71.10332223974143	1000
0	0	385	71.97548190708613	1000
0	0	386	72.05792327745441	1000
0	0	387	71.99279586419985	1000
0	0	388	72.71592728609882	1000
0	0	389	72.11077296033972	1000
0	0	390	72.43933190420385	1000
0	0	391	72.27262187448429	1000
0	0	392	71.7489053994486	1000
0	0	393	71.9960570187402	1000
0	0	394	71.413264099866	1000
0	0	395	73.22715356538782	1000
0	0	396	73.96168806622279	1000
0	0	397	72.86240390110035	1000
0	0	398	72.08086121108215	1000
0	0	399	72.69877065405382	1000
0	0	400	73.04829751852805	1000
0	0	401	73.21644888713185	1000
0	0	402	71.46811357904572	1000
0	0	403	72.23681548462899	1000
0	0	404	73.28469479840876	1000
0	0	405	73.01680010135614	1000
0	0	406	74.1301941491473	1000
0	0	407	73.36890337887185	1000
0	0	408	72.50139846784455	1000
0	0	409	74.21393753398569	1000
0	0	410	74.26587744158294	1000
0	0	411	74.03508954184588	1000
0	0	412	73.05814837845321	1000
0	0	413	73.40165052310275	1000
0	0	414	74.05621172093903	1000
0	0	415	74.3769351836263	1000
0	0	416	73.73927039684997	1000
0	0	417	74.0352771006086	1000
0	0	418	74.87428794654015	1000
0	0	419	74.6832306672606	1000
0	0	420	76.15786842657671	1000
0	0	421	74.42807876739657	1000
0	0	422	76.43769674703317	1000
0	0	423	75.91800989361234	1000
0	0	424	74.76939644814149	1000
0	0	425	74.76126207401205	1000
0	0	426	75.42274047325748	1000
0	0	427	75.65143404795425	1000
0	0	428	75.36818744426441	1000
0	0	429	74.66736799226412	1000
0	0	430	76.33900228915356	1000
0	0	431	75.48688742486701	1000
0	0	432	74.82442539134273	1000
0	0	433	75.94126886586889	1000
0	0	434	77.17452242626103	1000
0	0	435	74.89128678261456	1000
0	0	436	76.35233978980432	1000
0	0	437	76.30491056821582	1000
0	0	438	76.8156392290937	1000
0	0	439	77.29447503283572	1000
0	0	440	78.58844349305632	1000
0	0	441	78.36163790517955	1000
0	0	442	76.56713745336404	1000
0	0	443	77.65649158954218	1000
0	0	444	77.91704262848802	1000
0	0	445	77.98027111596835	1000
0	0	446	77.39481440258828	1000
0	0	447	76.85172914257275	1000
0	0	448	77.7748444707666	1000
0	0	449	77.47179172385742	1000
0	0	450	75.93425597462064	1000
0	0	451	77.37105111634783	1000
0	0	452	77.4602289215516	1000
0	0	453	79.27251927241802	1000
0	0	454	78.64483549063125	1000
0	0	455	79.85202349741776	1000
0	0	456	79.34267048374629	1000
0	0	457	78.31460662453357	1000
0	0	458	78.65192967826223	1000
0	0	459	79.05003563241259	1000
0	0	460	78.67374976437618	1000
0	0	461	79.30204584886172	1000
0	0	462	79.09851073488461	1000
0	0	463	79.67942841467294	1000
0	0	464	79.9853342772029	1000
0	0	465	79.15093855670489	1000
0	0	466	79.51925414333292	1000
0	0	467	80.18622822985334	1000
0	0	468	80.29919383939693	1000
0	0	469	79.91474446468122	1000
0	0	470	79.6855286113388	1000
0	0	471	79.89005706694643	1000
0	0	472	80.18990078313693	1000
0	0	473	80.09892699026855	1000
0	0	474	79.76871361252849	1000
0	0	475	80.66941095153264	1000
0	0	476	79.99338086375005	1000
0	0	477	82.53438696740218	1000
0	0	478	80.73444521436316	1000
0	0	479	81.5406275372312	1000
0	0	480	79.86442364828059	1000
0	0	481	82.26104316977674	1000
0	0	482	82.24193658219335	1000
0	0	483	81.3834316935809	1000
0	0	484	81.85026635344396	1000
0	0	485	82.0991001199564	1000
0	0	486	83.42018819901622	1000
0	0	487	82.61220084325072	1000
0	0	488	81.52325723666651	1000
0	0	489	82.64482259777647	1000
0	0	490	81.20581372460006	1000
0	0	491	81.51208858922764	1000
0	0	492	83.74410162003227	1000
0	0	493	82.97005282164183	1000
0	0	494	83.41263400092529	1000
0	0	495	83.34895938642582	1000
0	0	496	82.65551816312271	1000
0	0	497	83.21970900744705	1000
0	0	498	85.5096140157909	1000
0	0	499	83.84871622263248	1000
0	0	500	84.75329973544042	1000
0	0	501	84.42451809743888	1000
0	0	502	84.35121040094607	1000
0	0	503	84.72273182567992	1000
0	0	504	86.37919541539473	1000
0	0	505	84.9724148843419	1000
0	0	506	85.18086419072968	1000
0	0	507	84.65839355619882	1000
0	0	508	84.3673450842179	1000
0	0	509	85.6033414216691	1000
0	0	510	85.57898156054432	1000
0	0	511	86.32798808377787	1000
0	0	512	86.59099467890634	1000
0	0	513	86.20273071658306	1000
0	0	514	86.74606303527167	1000
0	0	515	86.2659617299079	1000
0	0	516	86.68648382003592	1000
0	0	517	86.82598919339301	1000
0	0	518	86.50764137043518	1000
0	0	519	86.4605440214671	1000
0	0	520	86.53496465492452	1000
0	0	521	88.47942903246597	1000
0	0	522	87.67203152047337	1000
0	0	523	88.2177448749249	1000
0	0	524	87.63874649216434	1000
0	0	525	88.25893735221931	1000
0	0	526	88.57982091441059	1000
0	0	527	88.98510850991788	1000
0	0	528	89.37932670377081	1000
0	0	529	88.96908200824085	1000
0	0	530	89.65205911388013	1000
0	0	531	89.37738756793577	1000
0	0	532	89.93197538191815	1000
0	0	533	89.73145589197188	1000
0	0	534	89.73331904755197	1000
0	0	535	90.63782508460231	1000
0	0	536	90.15695062237634	1000
0	0	537	90.46507121273569	1000
0	0	538	90.12235436243483	1000
0	0	539	91.09727350752937	1000
0	0	540	89.89831850907821	1000
0	0	541	91.48424817566166	1000
0	0	542	91.05716768172523	1000
0	0	543	91.97545966076659	1000
0	0	544	92.38613547468827	1000
0	0	545	91.63904410076455	1000
0	0	546	91.38701583882994	1000
0	0	547	93.10946688862558	1000
0	0	548	92.03386171694586	1000
0	0	549	92.82763953785957	1000
0	0	550	92.60715117685655	1000
0	0	551	92.26272970825121	1000
0	0	552	93.32282685330355	1000
0	0	553	93.76274568439115	1000
0	0	554	93.17825172138997	1000
0	0	555	92.54393460773437	1000
0	0	556	94.35750032488178	1000
0	0	557	94.15436256708104	1000
0	0	558	93.33315180543208	1000
0	0	559	94.91129843567815	1000
0	0	560	93.92039331003315	1000
0	0	561	94.7373016763849	1000
0	0	562	95.34266215611125	1000
0	0	563	94.23173473242095	1000
0	0	564	96.83631686974579	1000
0	0	565	94.88703709222634	1000
0	0	566	97.31766167718094	1000
0	0	567	97.1285086631874	1000
0	0	568	96.56503600287267	1000
0	0	569	95.94748646829892	1000
0	0	570	95.56934277732194	1000
0	0	571	97.50730188322345	1000
0	0	572	97.79583491487482	1000
0	0	573	97.76245015466044	1000
0	0	574	97.89164236611543	1000
0	0	575	98.81907473378541	1000
0	0	576	97.78452164256208	1000
0	0	577	99.24369441505874	1000
0	0	578	100.3402560227819	1000
0	0	579	98.67797279521447	1000
0	0	580	100.2506170991771	1000
0	0	581	99.21676781466694	1000
0	0	582	99.59571219074721	1000
0	0	583	99.39309770525216	1000
0	0	584	101.2003253193491	1000
0	0	585	100.7429756628871	1000
0	0	586	101.1512917180771	1000
0	0	587	101.0553930037889	1000
0	0	588	103.0581637260283	1000
0	0	589	101.9418979762693	1000
0	0	590	101.7164115014682	1000
0	0	591	102.2937516582044	1000
0	0	592	103.5647046806157	1000
0	0	593	102.3032960906759	1000
0	0	594	102.8462753598813	1000
0	0	595	103.0122461916692	1000
0	0	596	103.1525113027694	1000
0	0	597	103.8080018640546	1000
0	0	598	103.3389130860148	1000
0	0	599	103.3202559901213	1000
0	0	600	104.7328989851673	1000
0	0	601	106.2931448809692	1000
0	0	602	105.4075880411537	1000
0	0	603	106.1840342520961	1000
0	0	604	105.724498860681	1000
0	0	605	106.7616284917223	1000
0	0	606	107.3079981049003	1000
0	0	607	106.8288646385923	1000
0	0	608	106.6639178740909	1000
0	0	609	106.3509555099785	1000
0	0	610	108.6890844446569	1000
0	0	611	108.1483023578166	1000
0	0	612	109.260324567351	1000
0	0	613	110.3863144887073	1000
0	0	614	109.6032605823411	1000
0	0	615	109.4276447052938	1000
0	0	616	110.0382253548342	1000
0	0	617	110.0209261658734	1000
0	0	618	111.5101145386412	1000
0	0	619	109.9996260068039	1000
0	0	620	111.9339768681766	1000
0	0	621	112.552191310641	1000
0	0	622	112.494050773776	1000
0	0	623	111.7856109059584	1000
0	0	624	112.379037952314	1000
0	0	625	112.5666447473583	1000
0	0	626	114.1079590720399	1000
0	0	627	112.4425621026525	1000
0	0	628	114.4863731371608	1000
0	0	629	113.9919499557847	1000
0	0	630	113.9959336553206	1000
0	0	631	114.9012559132008	1000
0	0	632	116.8730797890568	1000
0	0	633	116.9280458860238	1000
0	0	634	117.0805998139166	1000
0	0	635	115.7662171335039	1000
0	0	636	116.7341517802717	1000
0	0	637	118.8328899152028	1000
0	0	638	118.8997909558693	1000
0	0	639	117.8038155969423	1000
0	0	640	119.0382859460323	1000
0	0	641	118.6733019428478	1000
0	0	642	120.0772131595374	1000
0	0	643	119.5589646628677	1000
0	0	644	121.33546030933	1000
0	0	645	121.4829576478914	1000
0	0	646	123.2736064165398	1000
0	0	647	121.6607075953744	1000
0	0	648	122.3553766899888	1000
0	0	649	124.6689465312963	1000
0	0	650	123.8071829338567	1000
0	0	651	124.3241471210319	1000
0	0	652	124.174304964413	1000
0	0	653	126.0456656570674	1000
0	0	654	124.7997104573465	1000
0	0	655	125.8224806148734	1000
0	0	656	127.418604500398	1000
0	0	657	126.1165695523368	1000
0	0	658	128.9447614735655	1000
0	0	659	128.9740434467125	1000
0	0	660	128.2612226765557	1000
0	0	661	129.9796941527134	1000
0	0	662	131.554916325663	1000
0	0	663	131.6312889712321	1000
0	0	664	131.9645849329099	1000
0	0	665	132.0919960067772	1000
0	0	666	132.8125509572131	1000
0	0	667	134.2204093355318	1000
0	0	668	135.2996925996578	1000
0	0	669	135.443292895748	1000
0	0	670	135.4176645760662	1000
0	0	671	136.3850697145514	1000
0	0	672	138.456041715188	1000
0	0	673	139.0788601354413	1000
0	0	674	137.691899190663	1000
0	0	675	140.206856129711	1000
0	0	676	140.3198039161195	1000
0	0	677	140.9446161450777	1000
0	0	678	141.3299770806182	1000
0	0	679	143.5738186337888	1000
0	0	680	144.5294259262112	1000
0	0	681	144.7404381174301	1000
0	0	682	145.949252050785	1000
0	0	683	146.9972813953387	1000
0	0	684	147.4685430823926	1000
0	0	685	147.6683267231098	1000
0	0	686	150.7268652327362	1000
0	0	687	149.2768612113084	1000
0	0	688	151.3908243886867	1000
0	0	689	153.1115341244144	1000
0	0	690	152.2926071939345	1000
0	0	691	154.7041302666902	1000
0	0	692	156.6272736247392	1000
0	0	693	159.3263598979325	1000
0	0	694	159.3370770639271	1000
0	0	695	158.9823536048093	1000
0	0	696	161.0942689021013	1000
0	0	697	163.4433093594999	1000
0	0	698	162.8657788786041	1000
0	0	699	165.4195292562592	1000
0	0	700	165.9698789646491	1000
0	0	701	167.0749418787759	1000
0	0	702	168.6295713483298	1000
0	0	703	172.1831040080625	1000
0	0	704	172.3677836158373	1000
0	0	705	172.9664723523354	1000
0	0	706	174.9311523377196	1000
0	0	707	177.203409504012	1000
0	0	708	178.8836680856597	1000
0	0	709	180.7949068871918	1000
0	0	710	182.4657557002022	1000
0	0	711	183.9991335186157	1000
0	0	712	185.6856678672514	1000
0	0	713	188.0615193226148	1000
0	0	714	190.4749229614918	1000
0	0	715	191.7305959205746	999
0	0	716	194.1623458375915	999
0	0	717	197.3744277751717	998
0	0	718	198.9816349334999	998
0	0	719	202.7421548084866	998
0	0	720	204.1454351380673	998
0	0	721	208.697329424986	998
0	0	722	212.9166011442437	998
0	0	723	216.6504908979288	998
0	0	724	218.1918038270725	998
0	0	725	221.742142514866	996
0	0	726	226.362603633729	996
0	0	727	228.0358345399489	995
0	0	728	234.2901310715138	993
0	0	729	238.6208370658255	993
0	0	730	240.9089481439517	989
0	0	731	248.6842197887125	988
0	0	732	252.9903620231311	986
0	0	733	256.6848049779248	982
0	0	734	259.3751872817156	977
0	0	735	262.5705334206763	969
0	0	736	269.4534538367826	969
0	0	737	275.0045658867265	963
0	0	738	285.4071556270512	959
0	0	739	289.9241582110741	951
0	0	740	294.0630154929166	940
0	0	741	299.7511783045601	932
0	0	742	298.8911793932226	915
0	0	743	299.7755540410958	900
0	0	744	303.1753482926181	883
0	0	745	309.4409252904361	873
0	0	746	316.7161305379742	855
0	0	747	319.6374272280916	832
0	0	748	317.0570402858722	811
0	0	749	314.4743460819126	778
0	0	750	303.5699405844128	749
0	0	751	308.7810468658216	718
0	0	752	306.7086866220802	690
0	0	753	291.1322017080337	645
0	0	754	283.3931652777111	610
0	0	755	273.7240713979897	579
0	0	756	257.8725527177396	534
0	0	757	241.3559548825878	489
0	0	758	219.1279099438382	445
0	0	759	208.7804473723119	406
0	0	760	196.30593276795	375
0	0	761	171.3364772609389	330
0	0	762	157.6634375056007	294
0	0	763	150.7122002319548	266
0	0	764	136.7065872404715	233
0	0	765	116.7450094383203	201
0	0	766	96.10107878208665	170
0	0	767	84.72959395476464	141
0	0	768	77.76802729991306	123
0	0	769	66.79114552044294	103
0	0	770	57.30551881014382	86
0	0	771	42.36441914463773	65
0	0	772	30.37634276040467	48
0	0	773	22.8864772789169	37
0	0	774	16.21926806389738	26
0	0	775	12.73757189932324	20
0	0	776	9.614365358560956	16
0	0	777	8.134814874885203	13
0	0	778	7.468257993978523	11
0	0	779	4.54783217774242	7
0	0	780	2.149538724455065	4
0	0	781	2.407225525581279	4
0	0	782	2.847471042054692	4
0	0	783	2.415286349275369	3
0	0	784	2.807453000376922	3
0	0	785	0.7036176815105374	1
0	0	786	0	0
0	0	787	0	0
0	0	788	0	0
0	0	789	0	0
0	0	790	0	0
0	0	791	0	0
0	0	792	0	0
0	0	793	0	0
0	0	794	0	0
0	0	795	0	0
0	0	796	0	0
0	0	797	0	0
0	0	798	0	0
0	0	799	0	0
0	0	800	0	0
0	0	801	0	0
0	0	802	0	0
0	0	803	0	0
0	0	804	0	0
0	0	805	0	0
0	0	806	0	0
0	0	807	0	0
0	0	808	0	0
0	0	809	0	0
0	0	810	0	0
0	0	811	0	0
0	0	812	0	0
0	0	813	0	0
0	0	814	0	0
0	0	815	0	0
0	0	816	0	0
0	0	817	0	0
0	0	818	0	0
0	0	819	0	0
0	0	820	0	0
0	0	821	0	0
0	0	822	0	0
0	0	823	0	0
0	0	824	0	0
0	0	825	0	0
0	0	826	0	0
0	0	827	0	0
0	0	828	0	0
0	0	829	0	0
0	0	830	0	0
0	0	831	0	0
0	0	832	0	0
0	0	833	0	0
0	0	834	0	0
0	0	835	0	0
0	0	836	0	0
0	0	837	0	0
0	0	838	0	0
0	0	839	0	0
0	0	840	0	0
0	0	841	0	0
0	0	842	0	0
0	0	843	0	0
0	0	844	0	0
0	0	845	0	0
0	0	846	0	0
0	0	847	0	0
0	0	848	0	0
0	0	849	0	0
0	0	850	0	0
0	0	851	0	0
0	0	852	0	0
0	0	853	0	0
0	0	854	0	0
0	0	855	0	0
0	0	856	0	0
0	0	857	0	0
0	0	858	0	0
0	0	859	0	0
0	0	860	0	0
0	0	861	0	0
0	0	862	0	0
0	0	863	0	0
0	0	864	0	0
0	0	865	0	0
0	0	866	0	0
0	0	867	0	0
0	0	868	0	0
0	0	869	0	0
0	0	870	0	0
0	0	871	0	0
0	0	872	0	0
0	0	873	0	0
0	0	874	0	0
0	0	875	0	0
0	0	876	0	0
0	0	877	0	0
0	0	878	0	0
0	0	879	0	0
0	0	880	0	0
0	0	881	0	0
0	0	882	0	0
0	0	883	0	0
0	0	884	0	0
0	0	885	0	0
0	0	886	0	0
0	0	887	0	0
0	0	888	0	0
0	0	889	0	0
0	0	890	0	0
0	0	891	0	0
0	0	892	0	0
0	0	893	0	0
0	0	894	0	0
0	0	895	0	0
0	0	896	0	0
0	0	897	0	0
0	0	898	0	0
0	0	899	0	0
0	0	900	0	0
0	0	901	0	0
0	0	902	0	0
0	0	903	0	0
0	0	904	0	0
0	0	905	0	0
0	0	906	0	0
0	0	907	0	0
0	0	908	0	0
0	0	909	0	0
0	0	910	0	0
0	0	911	0	0
0	0	912	0	0
0	0	913	0	0
0	0	914	0	0
0	0	915	0	0
0	0	916	0	0
0	0	917	0	0
0	0	918	0	0
0	0	919	0	0
0	0	920	0	0
0	0	921	0	0
0	0	922	0	0
0	0	923	0	0
0	0	924	0	0
0	0	925	0	0
0	0	926	0	0
0	0	927	0	0
0	0	928	0	0
0	0	929	0	0
0	0	930	0	0
0	0	931	0	0
0	0	932	0	0
0	0	933	0	0
0	0	934	0	0
0	0	935	0	0
0	0	936	0	0
0	0	937	0	0
0	0	938	0	0
0	0	939	0	0
0	0	940	0	0
0	0	941	0	0
0	0	942	0	0
0	0	943	0	0
0	0	944	0	0
0	0	945	0	0
0	0	946	0	0
0	0	947	0	0
0	0	948	0	0
0	0	949	0	0
0	0	950	0	0
0	0	951	0	0
0	0	952	0	0
0	0	953	0	0
0	0	954	0	0
0	0	955	0	0
0	0	956	0	0
0	0	957	0	0
0	0	958	0	0
0	0	959	0	0
0	0	960	0	0
0	0	961	0	0
0	0	962	0	0
0	0	963	0	0
0	0	964	0	0
0	0	965	0	0
0	0	966	0	0
0	0	967	0	0
0	0	968	0	0
0	0	969	0	0
0	0	970	0	0
0	0	971	0	0
0	0	972	0	0
0	0	973	0	0
0	0	974	0	0
0	0	975	0	0
0	0	976	0	0
0	0	977	0	0
0	0	978	0	0
0	0	979	0	0
0	0	980	0	0
0	0	981	0	0
0	0	982	0	0
0	0	983	0	0
0	0	984	0	0
0	0	985	0	0
0	0	986	0	0
0	0	987	0	0
0	0	988	0	0
0	0	989	0	0
0	0	990	0	0
0	0	991	0	0
0	0	992	0	0
0	0	993	0	0
0	0	994	0	0
0	0	995	0	0
0	0	996	0	0
0	0	997	0	0
0	0	998	0	0
0	0	999	0	0
